17[0, 19, 57, 0, 0, 0, 0, 0, 9, 113, 94, 0, 0, 0, 0, 0, 8, 21, 2, 0, 3, 27, 2, 0, 0, 0, 0, 0, 10, 159, 22, 0, 29, 81, 73, 0, 0, 0, 1, 7, 159, 159, 87, 0, 0, 0, 1, 20, 126, 43, 0, 0, 0, 1, 0, 2, 1, 0, 0, 0, 0, 14, 9, 0, 31, 9, 1, 0, 0, 0, 71, 80, 159, 25, 1, 0, 0, 0, 81, 159, 131, 2, 0, 0, 0, 0, 0, 42, 1, 0, 0, 0, 0, 0, 0, 0, 0, 0, 0, 0, 0, 0, 63, 21, 11, 0, 0, 0, 0, 0, 99, 124, 10, 0, 0, 0, 0, 0, 2, 24, 0, 0, 0, 0, 0, 0, 0, 0;
  24, 150, 11, 0, 4, 8, 0, 0, 13, 150, 8, 0, 0, 0, 0, 0, 5, 14, 1, 0, 0, 0, 0, 0, 0, 0, 0, 0, 0, 0, 0, 0, 28, 150, 21, 38, 48, 18, 0, 8, 150, 150, 9, 0, 0, 0, 0, 17, 81, 28, 0, 0, 0, 0, 0, 2, 0, 0, 0, 0, 0, 0, 0, 0, 30, 6, 10, 30, 10, 0, 19, 150, 150, 14, 0, 0, 0, 0, 7, 150, 78, 1, 0, 0, 0, 0, 0, 29, 0, 0, 0, 0, 0, 0, 0, 0, 7, 0, 0, 0, 0, 0, 117, 150, 11, 0, 0, 0, 0, 0, 9, 150, 4, 0, 2, 1, 0, 0, 1, 13, 0, 0, 3, 0, 0, 0, 0, 0;
  3, 76, 160, 11, 1, 1, 0, 0, 46, 160, 44, 0, 0, 0, 0, 0, 21, 37, 0, 0, 0, 0, 0, 0, 0, 0, 0, 1, 0, 0, 0, 0, 55, 39, 41, 14, 48, 31, 2, 2, 160, 117, 6, 0, 0, 0, 0, 13, 130, 22, 0, 0, 0, 0, 0, 6, 1, 0, 0, 20, 7, 0, 0, 0, 57, 2, 0, 51, 45, 5, 0, 68, 160, 10, 0, 0, 0, 0, 0, 144, 123, 5, 0, 0, 1, 0, 0, 26, 1, 0, 0, 17, 48, 12, 0, 0, 6, 0, 0, 9, 1, 0, 1, 160, 39, 0, 0, 0, 0, 0, 0, 160, 16, 0, 0, 0, 0, 0, 0, 35, 0, 0, 0, 0, 10, 16, 0, 0;
  9, 0, 0, 7, 119, 39, 0, 2, 124, 0, 0, 0, 8, 2, 0, 52, 99, 2, 3, 1, 1, 0, 3, 54, 1, 0, 2, 19, 84, 1, 1, 5, 22, 0, 0, 28, 124, 0, 0, 3, 124, 20, 7, 4, 7, 0, 0, 29, 81, 21, 110, 42, 0, 0, 0, 7, 0, 1, 97, 88, 56, 0, 0, 0, 14, 4, 0, 9, 124, 62, 0, 0, 88, 92, 42, 10, 4, 9, 1, 4, 11, 24, 113, 91, 0, 0, 7, 44, 1, 2, 66, 34, 5, 9, 72, 50, 0, 1, 0, 0, 35, 124, 10, 0, 4, 15, 8, 1, 6, 54, 68, 53, 3, 4, 8, 3, 0, 0, 42, 124, 0, 0, 0, 0, 0, 3, 66, 96;
  3, 81, 157, 12, 6, 9, 1, 0, 58, 127, 31, 2, 3, 32, 61, 36, 24, 9, 0, 0, 0, 1, 36, 83, 0, 0, 0, 0, 0, 0, 0, 3, 67, 57, 73, 2, 3, 4, 0, 1, 157, 124, 7, 0, 0, 0, 0, 11, 124, 16, 0, 0, 0, 0, 0, 8, 1, 0, 0, 0, 0, 0, 0, 0, 75, 2, 0, 0, 20, 9, 3, 69, 157, 12, 0, 0, 0, 0, 0, 138, 119, 6, 0, 0, 0, 0, 0, 23, 1, 0, 0, 0, 0, 0, 0, 0, 6, 0, 0, 0, 6, 18, 59, 157, 46, 0, 0, 0, 0, 0, 2, 157, 17, 0, 0, 0, 0, 0, 0, 33, 0, 0, 0, 0, 0, 0, 0, 0;
  45, 147, 5, 1, 9, 7, 0, 1, 12, 147, 1, 0, 0, 0, 0, 0, 4, 13, 0, 0, 0, 0, 0, 0, 0, 0, 0, 0, 0, 0, 0, 0, 29, 147, 22, 45, 51, 14, 0, 9, 147, 147, 3, 0, 0, 0, 0, 19, 73, 27, 0, 0, 0, 0, 0, 2, 0, 0, 0, 0, 0, 0, 0, 0, 30, 6, 13, 34, 7, 0, 38, 147, 147, 15, 0, 0, 0, 0, 1, 147, 69, 2, 0, 0, 0, 0, 0, 28, 0, 0, 0, 0, 0, 0, 0, 0, 0, 0, 0, 0, 0, 0, 147, 147, 6, 0, 2, 2, 0, 0, 9, 147, 4, 1, 20, 5, 0, 0, 0, 11, 0, 4, 13, 0, 0, 0, 0, 0;
  3, 72, 153, 4, 1, 1, 0, 0, 36, 153, 44, 0, 0, 0, 0, 0, 15, 28, 0, 0, 0, 0, 0, 0, 0, 0, 1, 4, 0, 0, 0, 0, 59, 52, 58, 15, 47, 24, 2, 1, 153, 130, 8, 0, 0, 0, 0, 6, 106, 20, 0, 2, 1, 0, 0, 2, 1, 0, 3, 66, 16, 0, 0, 0, 64, 1, 0, 49, 43, 5, 1, 100, 153, 1, 0, 0, 0, 0, 0, 153, 94, 0, 0, 2, 7, 2, 0, 25, 0, 0, 0, 46, 103, 27, 0, 0, 11, 0, 0, 7, 0, 0, 3, 153, 30, 0, 0, 0, 0, 0, 1, 153, 10, 0, 0, 0, 1, 2, 0, 24, 0, 0, 0, 0, 17, 24, 0, 0;
  28, 13, 0, 1, 2, 78, 25, 3, 0, 0, 0, 5, 44, 125, 11, 0, 3, 0, 0, 1, 21, 74, 19, 72, 8, 0, 0, 0, 0, 0, 1, 112, 23, 125, 23, 15, 8, 6, 0, 0, 5, 9, 11, 110, 125, 34, 1, 1, 93, 3, 0, 22, 43, 19, 12, 125, 36, 0, 0, 0, 0, 0, 1, 125, 0, 125, 56, 9, 2, 18, 3, 0, 19, 42, 74, 99, 63, 0, 0, 1, 125, 25, 4, 16, 12, 0, 0, 13, 80, 3, 0, 0, 0, 0, 0, 9, 0, 16, 12, 0, 0, 125, 44, 1, 14, 13, 35, 14, 0, 9, 90, 33, 125, 10, 3, 2, 0, 0, 17, 99, 49, 2, 0, 0, 0, 0, 0, 15;
  0, 0, 1, 45, 100, 17, 0, 0, 2, 0, 29, 96, 75, 26, 8, 16, 4, 15, 49, 16, 0, 14, 75, 31, 0, 40, 69, 1, 0, 30, 46, 0, 0, 0, 0, 1, 89, 74, 0, 0, 33, 3, 0, 1, 114, 114, 7, 21, 114, 9, 0, 0, 3, 22, 83, 68, 10, 0, 1, 0, 1, 114, 114, 10, 0, 0, 0, 15, 58, 19, 0, 0, 24, 11, 4, 56, 114, 53, 1, 3, 114, 92, 19, 6, 11, 5, 3, 18, 22, 45, 34, 1, 6, 30, 17, 7, 0, 0, 0, 38, 47, 0, 0, 0, 2, 11, 10, 112, 110, 0, 0, 0, 9, 114, 76, 13, 5, 0, 0, 0, 1, 102, 114, 1, 0, 0, 0, 0;
  2, 88, 150, 13, 25, 18, 1, 0, 42, 63, 28, 4, 17, 48, 73, 53, 14, 2, 0, 0, 0, 0, 21, 56, 0, 0, 0, 0, 0, 0, 0, 0, 59, 91, 110, 1, 8, 12, 0, 1, 150, 137, 16, 0, 0, 0, 2, 10, 108, 9, 0, 0, 0, 0, 1, 14, 1, 0, 0, 0, 0, 0, 0, 0, 74, 3, 1, 0, 44, 36, 16, 95, 150, 4, 0, 0, 0, 0, 1, 150, 100, 1, 0, 0, 0, 0, 0, 24, 1, 0, 0, 0, 0, 0, 0, 0, 8, 2, 0, 0, 11, 36, 95, 150, 34, 0, 0, 0, 0, 0, 7, 150, 10, 0, 0, 0, 0, 0, 0, 23, 0, 0, 0, 0, 0, 0, 0, 0;
  5, 0, 0, 0, 0, 1, 8, 3, 46, 0, 0, 0, 0, 0, 1, 7, 11, 0, 0, 0, 0, 0, 0, 1, 0, 0, 0, 0, 0, 0, 0, 0, 19, 0, 0, 0, 4, 72, 140, 20, 140, 28, 0, 0, 4, 23, 32, 64, 103, 24, 0, 0, 0, 0, 0, 6, 0, 0, 0, 0, 0, 0, 0, 0, 3, 20, 59, 25, 86, 112, 107, 5, 110, 140, 14, 27, 96, 54, 12, 9, 94, 140, 2, 1, 0, 0, 0, 0, 8, 9, 0, 0, 0, 0, 0, 0, 1, 32, 140, 39, 20, 4, 44, 8, 35, 46, 55, 80, 40, 5, 42, 74, 140, 93, 2, 2, 0, 0, 3, 110, 27, 5, 0, 0, 0, 0, 0, 5;
  1, 0, 0, 0, 3, 131, 72, 1, 6, 0, 0, 0, 2, 61, 21, 54, 7, 0, 0, 0, 0, 0, 0, 38, 0, 0, 0, 0, 0, 0, 0, 0, 9, 35, 19, 43, 100, 131, 22, 2, 104, 4, 1, 16, 60, 80, 30, 131, 62, 1, 0, 0, 0, 0, 0, 131, 0, 0, 0, 0, 0, 0, 0, 1, 8, 95, 117, 84, 40, 11, 8, 3, 131, 55, 16, 40, 25, 0, 2, 41, 119, 12, 0, 0, 0, 0, 0, 20, 0, 0, 0, 0, 0, 0, 0, 0, 4, 10, 24, 5, 0, 79, 131, 31, 125, 10, 6, 3, 0, 0, 77, 131, 55, 2, 0, 0, 0, 0, 0, 33, 0, 0, 0, 0, 0, 0, 0, 0;
  8, 28, 39, 55, 31, 50, 34, 3, 139, 139, 13, 1, 10, 8, 0, 9, 72, 26, 0, 0, 2, 14, 6, 4, 0, 0, 0, 0, 0, 9, 5, 0, 22, 3, 1, 49, 139, 46, 35, 7, 139, 32, 5, 11, 37, 4, 0, 49, 93, 15, 61, 31, 0, 0, 0, 11, 0, 0, 9, 1, 0, 0, 0, 0, 17, 10, 2, 139, 114, 7, 8, 9, 139, 112, 10, 25, 15, 3, 8, 60, 32, 28, 52, 86, 32, 31, 16, 13, 0, 0, 6, 3, 1, 1, 0, 0, 2, 0, 0, 25, 21, 59, 139, 45, 37, 4, 0, 1, 1, 3, 87, 139, 8, 1, 0, 1, 5, 29, 49, 44, 0, 0, 0, 0, 0, 0, 0, 0;
  0, 0, 0, 0, 0, 0, 0, 0, 54, 0, 0, 0, 0, 0, 0, 32, 140, 4, 3, 3, 0, 0, 7, 140, 28, 2, 7, 71, 54, 20, 49, 55, 0, 0, 0, 0, 0, 14, 17, 0, 99, 7, 0, 0, 0, 50, 91, 33, 140, 65, 19, 37, 11, 7, 16, 72, 15, 10, 45, 140, 52, 20, 5, 5, 0, 0, 0, 0, 0, 25, 28, 0, 10, 1, 0, 0, 0, 105, 140, 37, 50, 8, 1, 8, 14, 58, 140, 140, 1, 1, 2, 36, 41, 140, 140, 8, 0, 0, 0, 0, 0, 0, 0, 0, 0, 0, 0, 0, 0, 1, 9, 3, 0, 0, 0, 0, 0, 8, 23, 14, 0, 0, 0, 0, 0, 37, 60, 2;
  7, 5, 5, 2, 3, 127, 134, 8, 69, 10, 2, 3, 4, 134, 97, 66, 134, 23, 1, 0, 0, 1, 8, 76, 11, 2, 0, 0, 0, 0, 0, 1, 9, 60, 134, 26, 6, 32, 11, 2, 17, 41, 134, 134, 15, 54, 30, 16, 113, 134, 50, 10, 0, 1, 4, 19, 7, 13, 0, 0, 0, 0, 0, 0, 0, 25, 134, 8, 0, 0, 0, 0, 71, 23, 134, 50, 0, 0, 0, 5, 134, 46, 13, 3, 0, 0, 0, 24, 12, 2, 0, 0, 0, 0, 0, 1, 0, 0, 2, 0, 0, 0, 0, 0, 13, 1, 1, 0, 0, 0, 0, 2, 41, 0, 0, 0, 0, 0, 0, 6, 1, 0, 0, 0, 0, 0, 0, 0;
  0, 5, 16, 1, 0, 0, 0, 0, 0, 7, 52, 11, 0, 0, 0, 0, 0, 16, 24, 12, 3, 0, 0, 0, 0, 1, 23, 27, 5, 0, 0, 0, 23, 91, 124, 10, 0, 2, 3, 16, 17, 74, 130, 90, 16, 19, 7, 7, 98, 130, 77, 20, 20, 8, 1, 4, 8, 5, 12, 32, 34, 18, 2, 1, 130, 31, 16, 17, 7, 8, 14, 127, 84, 23, 26, 99, 123, 61, 22, 44, 130, 73, 12, 6, 14, 6, 1, 38, 22, 8, 2, 0, 1, 5, 2, 3, 88, 8, 8, 25, 14, 25, 50, 75, 49, 7, 10, 96, 52, 50, 100, 62, 94, 37, 13, 3, 1, 0, 46, 72, 1, 4, 3, 0, 0, 0, 0, 0;
  1, 28, 114, 78, 19, 13, 10, 4, 2, 81, 119, 24, 2, 0, 3, 3, 7, 5, 13, 14, 2, 0, 0, 3, 0, 0, 0, 0, 0, 0, 0, 0, 14, 29, 53, 72, 111, 38, 61, 24, 26, 119, 119, 15, 29, 110, 47, 17, 119, 88, 40, 9, 4, 6, 4, 37, 26, 1, 0, 0, 0, 0, 0, 3, 30, 119, 68, 58, 23, 15, 15, 15, 53, 115, 70, 8, 58, 119, 43, 62, 119, 17, 1, 0, 3, 16, 23, 119, 14, 0, 0, 0, 0, 0, 0, 3, 5, 52, 22, 1, 0, 0, 0, 2, 97, 88, 36, 1, 1, 0, 1, 39, 32, 10, 0, 0, 0, 0, 1, 14, 0, 0, 0, 0, 0, 0, 0, 0]
20[0, 0, 0, 83, 117, 4, 0, 0, 0, 0, 1, 58, 33, 5, 22, 14, 59, 5, 0, 3, 0, 2, 19, 63, 91, 25, 0, 0, 0, 0, 1, 117, 9, 3, 5, 117, 97, 3, 1, 4, 55, 6, 1, 9, 21, 13, 61, 88, 36, 25, 1, 8, 43, 57, 66, 27, 117, 117, 1, 2, 7, 2, 0, 6, 32, 6, 5, 60, 32, 36, 3, 11, 117, 22, 3, 9, 9, 9, 8, 55, 22, 8, 2, 43, 113, 52, 8, 13, 117, 23, 0, 5, 14, 5, 1, 40, 18, 0, 0, 0, 17, 117, 15, 17, 117, 0, 0, 0, 2, 23, 20, 82, 18, 0, 0, 2, 40, 117, 20, 20, 117, 2, 0, 1, 6, 29, 12, 43;
  109, 125, 9, 14, 70, 2, 0, 0, 88, 146, 3, 0, 0, 0, 0, 0, 7, 17, 0, 0, 0, 0, 0, 0, 0, 0, 0, 0, 0, 0, 0, 0, 38, 133, 24, 66, 82, 5, 9, 9, 146, 146, 6, 0, 0, 0, 2, 21, 90, 29, 0, 0, 0, 0, 0, 2, 0, 0, 0, 0, 0, 0, 0, 0, 21, 5, 1, 16, 14, 18, 146, 70, 146, 13, 0, 0, 0, 0, 84, 146, 84, 1, 0, 0, 0, 0, 0, 30, 0, 0, 0, 0, 0, 0, 0, 0, 0, 0, 0, 0, 0, 1, 146, 15, 5, 0, 0, 0, 0, 0, 74, 72, 5, 0, 0, 0, 0, 0, 1, 14, 0, 0, 0, 0, 0, 0, 0, 0;
  3, 1, 1, 20, 51, 113, 48, 9, 121, 70, 6, 15, 17, 12, 14, 34, 82, 37, 0, 0, 0, 0, 0, 6, 2, 0, 0, 0, 0, 0, 0, 0, 7, 5, 9, 126, 123, 7, 0, 0, 126, 42, 7, 47, 30, 1, 0, 43, 126, 16, 0, 0, 0, 0, 0, 30, 3, 0, 0, 0, 0, 0, 0, 1, 11, 17, 46, 126, 33, 8, 3, 2, 126, 126, 8, 21, 4, 1, 1, 19, 126, 59, 0, 0, 0, 0, 0, 10, 4, 1, 0, 0, 0, 0, 0, 0, 4, 2, 5, 17, 6, 96, 111, 14, 126, 15, 1, 1, 0, 8, 55, 126, 104, 5, 0, 0, 0, 0, 0, 61, 3, 0, 0, 0, 0, 0, 0, 1;
  87, 44, 0, 4, 26, 19, 0, 4, 126, 126, 0, 0, 0, 0, 0, 3, 36, 29, 0, 0, 0, 0, 0, 0, 0, 0, 0, 0, 0, 0, 0, 0, 32, 25, 0, 0, 34, 126, 49, 19, 126, 89, 0, 0, 0, 4, 19, 59, 123, 29, 0, 0, 0, 0, 0, 6, 1, 1, 0, 0, 0, 0, 0, 0, 3, 1, 0, 4, 36, 126, 126, 11, 113, 92, 11, 19, 45, 34, 43, 38, 126, 114, 2, 0, 0, 0, 0, 2, 8, 3, 0, 0, 0, 0, 0, 0, 3, 13, 7, 51, 102, 18, 6, 0, 94, 39, 7, 67, 115, 5, 0, 2, 126, 65, 1, 0, 0, 0, 0, 6, 12, 7, 0, 0, 0, 0, 0, 0;
  0, 0, 0, 0, 73, 126, 23, 0, 88, 19, 0, 0, 9, 65, 63, 58, 126, 32, 0, 0, 0, 0, 1, 46, 15, 4, 0, 0, 0, 0, 0, 2, 3, 15, 2, 5, 24, 108, 36, 0, 26, 20, 6, 44, 100, 93, 58, 18, 126, 108, 6, 10, 8, 1, 2, 18, 37, 13, 0, 0, 0, 0, 0, 2, 22, 73, 40, 59, 37, 2, 0, 0, 39, 18, 11, 126, 126, 2, 0, 2, 126, 73, 3, 13, 7, 0, 0, 24, 47, 15, 0, 0, 0, 0, 0, 5, 3, 43, 84, 51, 7, 27, 28, 0, 21, 26, 25, 119, 27, 18, 19, 7, 126, 105, 3, 4, 0, 1, 4, 31, 63, 20, 0, 0, 0, 0, 0, 7;
  0, 0, 1, 14, 122, 74, 1, 0, 27, 3, 17, 18, 51, 105, 14, 23, 106, 5, 11, 0, 0, 5, 42, 122, 7, 1, 6, 1, 2, 103, 79, 22, 0, 0, 0, 0, 36, 103, 2, 0, 35, 0, 0, 0, 122, 122, 10, 12, 122, 23, 5, 0, 9, 14, 6, 33, 31, 19, 22, 0, 0, 47, 18, 6, 0, 0, 0, 0, 25, 18, 0, 0, 8, 0, 0, 0, 101, 122, 15, 4, 64, 48, 78, 26, 46, 50, 14, 9, 6, 119, 122, 8, 2, 0, 0, 0, 0, 0, 0, 0, 1, 4, 0, 0, 0, 0, 0, 0, 57, 63, 2, 0, 0, 1, 15, 22, 122, 101, 2, 0, 3, 87, 33, 9, 16, 32, 1, 0;
  85, 51, 0, 0, 5, 11, 23, 34, 124, 134, 0, 0, 0, 0, 0, 20, 27, 36, 0, 1, 0, 0, 0, 3, 0, 0, 0, 36, 4, 0, 0, 0, 35, 25, 1, 7, 83, 38, 15, 10, 134, 101, 1, 1, 7, 3, 1, 10, 130, 24, 0, 3, 7, 0, 0, 4, 1, 0, 0, 85, 98, 3, 0, 0, 31, 1, 0, 1, 30, 134, 39, 27, 134, 12, 0, 0, 5, 33, 19, 47, 134, 14, 0, 1, 12, 1, 0, 5, 1, 0, 0, 11, 134, 13, 0, 0, 17, 0, 1, 11, 77, 49, 14, 27, 72, 100, 18, 20, 42, 16, 6, 15, 74, 121, 1, 0, 5, 1, 0, 2, 4, 6, 0, 2, 95, 51, 0, 0;
  0, 0, 6, 70, 17, 0, 1, 11, 1, 1, 8, 87, 121, 12, 14, 18, 12, 0, 1, 15, 22, 8, 33, 121, 38, 1, 0, 0, 0, 0, 6, 115, 5, 4, 32, 121, 8, 0, 0, 1, 111, 28, 37, 71, 11, 4, 12, 46, 36, 35, 59, 22, 1, 2, 15, 116, 18, 58, 19, 1, 0, 0, 1, 21, 17, 5, 10, 106, 55, 1, 6, 42, 102, 26, 40, 64, 4, 0, 6, 52, 61, 62, 118, 116, 0, 0, 0, 1, 121, 76, 17, 1, 0, 0, 0, 1, 16, 44, 37, 32, 14, 0, 2, 13, 7, 17, 42, 97, 12, 2, 16, 17, 101, 14, 21, 44, 4, 2, 27, 42, 121, 5, 0, 0, 0, 0, 1, 29;
  31, 15, 1, 11, 49, 18, 10, 34, 29, 28, 3, 1, 34, 41, 30, 33, 110, 110, 7, 1, 17, 18, 4, 2, 90, 59, 0, 0, 2, 1, 0, 0, 66, 31, 2, 20, 42, 38, 19, 7, 110, 32, 0, 1, 16, 50, 41, 26, 83, 25, 1, 1, 16, 95, 80, 23, 110, 95, 9, 1, 2, 2, 3, 6, 19, 1, 0, 0, 3, 110, 110, 14, 110, 10, 0, 0, 2, 26, 82, 96, 26, 6, 7, 9, 110, 92, 23, 24, 24, 110, 48, 13, 51, 15, 1, 1, 0, 0, 0, 0, 0, 45, 54, 1, 3, 0, 0, 0, 2, 15, 77, 45, 1, 0, 0, 0, 109, 84, 8, 12, 24, 26, 3, 2, 81, 84, 9, 1;
  76, 131, 12, 22, 66, 6, 1, 1, 104, 146, 0, 0, 0, 0, 0, 0, 8, 16, 0, 0, 0, 0, 0, 0, 0, 0, 0, 0, 0, 0, 0, 0, 44, 125, 22, 90, 85, 7, 12, 14, 146, 146, 3, 1, 0, 0, 2, 28, 87, 30, 0, 0, 0, 0, 0, 3, 1, 0, 0, 0, 0, 0, 0, 0, 20, 6, 1, 17, 15, 26, 146, 81, 146, 14, 0, 0, 0, 0, 87, 146, 77, 2, 0, 0, 0, 0, 0, 33, 1, 0, 0, 0, 0, 0, 0, 0, 0, 0, 0, 0, 0, 1, 146, 15, 4, 0, 0, 0, 0, 0, 66, 64, 4, 0, 0, 0, 0, 0, 1, 12, 0, 0, 0, 0, 0, 0, 0, 0;
  33, 8, 0, 80, 90, 2, 0, 3, 138, 44, 0, 2, 1, 0, 0, 16, 64, 12, 0, 0, 0, 0, 0, 2, 1, 0, 0, 0, 0, 0, 0, 0, 45, 6, 0, 13, 137, 29, 0, 7, 138, 60, 0, 0, 1, 1, 0, 38, 138, 48, 2, 0, 0, 0, 0, 12, 2, 3, 0, 26, 30, 0, 0, 0, 28, 1, 0, 12, 133, 24, 10, 35, 138, 138, 7, 0, 3, 8, 12, 39, 84, 138, 11, 0, 1, 1, 0, 1, 15, 26, 1, 19, 82, 14, 0, 0, 34, 16, 2, 12, 88, 24, 7, 20, 55, 31, 2, 0, 9, 45, 33, 27, 138, 113, 2, 0, 2, 17, 22, 11, 47, 56, 2, 0, 26, 20, 0, 0;
  58, 33, 42, 15, 9, 4, 14, 87, 43, 100, 38, 3, 0, 0, 1, 69, 16, 16, 0, 0, 0, 0, 0, 4, 0, 0, 0, 0, 0, 0, 0, 0, 56, 55, 128, 98, 2, 0, 0, 9, 139, 139, 65, 16, 0, 0, 0, 5, 100, 19, 0, 0, 0, 0, 0, 1, 0, 0, 0, 0, 0, 0, 0, 0, 34, 11, 26, 61, 7, 4, 99, 124, 139, 15, 4, 2, 0, 0, 40, 139, 100, 1, 0, 0, 0, 0, 0, 20, 0, 0, 0, 0, 0, 0, 0, 0, 1, 0, 0, 0, 0, 0, 130, 139, 19, 0, 0, 0, 0, 0, 76, 137, 11, 0, 0, 0, 0, 0, 1, 17, 0, 0, 0, 0, 0, 0, 0, 0;
  3, 83, 125, 49, 45, 1, 0, 0, 61, 159, 70, 1, 0, 0, 0, 1, 42, 54, 2, 0, 0, 0, 0, 1, 1, 0, 0, 0, 0, 0, 0, 0, 31, 26, 18, 26, 110, 33, 2, 10, 159, 85, 8, 2, 5, 4, 2, 67, 150, 18, 0, 0, 0, 0, 0, 26, 2, 0, 0, 0, 0, 0, 0, 1, 42, 21, 25, 73, 42, 11, 1, 5, 159, 75, 4, 5, 2, 1, 0, 36, 157, 21, 0, 0, 0, 0, 0, 14, 2, 0, 0, 0, 0, 0, 0, 0, 63, 7, 3, 24, 72, 5, 0, 8, 159, 30, 1, 0, 0, 0, 0, 51, 115, 9, 0, 0, 0, 0, 0, 18, 2, 0, 0, 0, 0, 0, 0, 0;
  23, 19, 15, 40, 53, 18, 1, 4, 160, 49, 3, 5, 6, 3, 1, 33, 117, 15, 0, 0, 0, 0, 0, 12, 1, 0, 0, 0, 0, 0, 0, 0, 48, 9, 13, 52, 87, 17, 0, 6, 160, 42, 3, 4, 1, 0, 0, 60, 152, 12, 0, 0, 0, 0, 0, 24, 2, 0, 0, 0, 0, 0, 0, 0, 58, 10, 0, 20, 134, 15, 0, 9, 160, 63, 0, 0, 0, 0, 0, 54, 147, 20, 0, 0, 0, 0, 0, 18, 2, 0, 0, 0, 0, 0, 0, 0, 43, 0, 0, 11, 77, 12, 0, 58, 160, 2, 0, 0, 0, 0, 0, 160, 58, 0, 0, 0, 0, 0, 0, 44, 1, 0, 0, 0, 0, 0, 0, 0;
  0, 0, 0, 5, 72, 118, 29, 8, 6, 1, 0, 5, 20, 71, 82, 57, 118, 3, 0, 3, 7, 25, 14, 89, 49, 1, 8, 78, 27, 0, 0, 18, 0, 0, 0, 2, 24, 58, 19, 1, 13, 8, 5, 65, 118, 43, 34, 6, 118, 42, 7, 27, 31, 6, 2, 29, 30, 4, 1, 73, 118, 14, 3, 6, 0, 0, 0, 1, 31, 12, 0, 0, 16, 3, 1, 17, 118, 105, 1, 4, 118, 65, 68, 20, 40, 27, 1, 14, 25, 15, 64, 60, 73, 17, 7, 25, 0, 0, 0, 0, 4, 5, 0, 0, 0, 1, 0, 0, 89, 110, 0, 0, 10, 20, 53, 12, 80, 112, 25, 21, 55, 10, 36, 8, 1, 2, 11, 118;
  3, 14, 27, 105, 71, 8, 27, 8, 64, 120, 25, 9, 3, 8, 29, 11, 39, 109, 0, 0, 0, 0, 0, 0, 2, 4, 0, 0, 0, 0, 0, 0, 36, 14, 3, 25, 38, 20, 77, 74, 40, 53, 1, 3, 113, 72, 67, 22, 120, 120, 1, 2, 13, 3, 1, 8, 23, 15, 1, 0, 0, 0, 0, 0, 120, 44, 6, 6, 19, 8, 2, 31, 36, 6, 2, 10, 120, 77, 7, 18, 120, 44, 41, 12, 17, 14, 5, 37, 19, 82, 49, 5, 0, 0, 0, 0, 90, 1, 0, 3, 19, 2, 4, 104, 9, 10, 8, 53, 120, 11, 1, 5, 11, 50, 64, 65, 25, 2, 0, 3, 56, 118, 42, 27, 4, 0, 0, 12;
  38, 85, 2, 2, 20, 36, 58, 17, 85, 125, 1, 1, 4, 2, 0, 0, 22, 29, 0, 0, 0, 0, 0, 0, 0, 0, 0, 0, 0, 0, 0, 0, 16, 11, 1, 2, 125, 84, 22, 12, 125, 80, 4, 2, 30, 15, 4, 31, 83, 52, 23, 0, 0, 0, 0, 1, 0, 13, 3, 0, 0, 0, 0, 0, 18, 3, 3, 21, 125, 65, 4, 8, 99, 56, 54, 36, 31, 21, 6, 31, 24, 125, 125, 43, 1, 0, 0, 1, 22, 125, 11, 0, 0, 0, 0, 0, 4, 2, 4, 38, 125, 12, 0, 3, 4, 49, 46, 64, 60, 4, 0, 0, 53, 81, 52, 72, 19, 0, 0, 27, 125, 102, 3, 0, 0, 0, 0, 32;
  0, 0, 4, 4, 0, 0, 0, 0, 0, 2, 33, 13, 0, 0, 0, 0, 0, 15, 25, 1, 0, 0, 0, 0, 0, 2, 0, 0, 0, 0, 0, 0, 0, 1, 108, 99, 1, 1, 1, 0, 9, 31, 128, 128, 10, 13, 5, 2, 109, 128, 103, 13, 1, 2, 1, 4, 25, 15, 0, 0, 0, 0, 0, 0, 56, 24, 122, 62, 4, 7, 22, 92, 37, 10, 29, 72, 58, 125, 66, 42, 128, 35, 9, 7, 10, 22, 11, 57, 57, 2, 0, 0, 0, 0, 0, 5, 22, 2, 6, 47, 15, 1, 50, 128, 28, 3, 4, 98, 92, 15, 12, 61, 128, 2, 0, 8, 8, 3, 3, 117, 23, 0, 0, 0, 0, 0, 0, 8;
  60, 108, 8, 3, 22, 18, 13, 14, 18, 59, 14, 22, 91, 134, 14, 13, 134, 10, 2, 9, 13, 34, 16, 55, 57, 1, 0, 0, 0, 0, 0, 4, 6, 58, 12, 4, 45, 134, 37, 3, 23, 82, 86, 106, 27, 80, 38, 10, 134, 50, 20, 35, 8, 7, 11, 42, 73, 2, 0, 0, 0, 0, 0, 4, 0, 0, 0, 0, 2, 130, 51, 0, 7, 2, 4, 9, 6, 134, 134, 29, 104, 4, 1, 2, 1, 17, 108, 134, 26, 0, 0, 0, 0, 0, 0, 19, 0, 0, 0, 0, 0, 3, 2, 0, 0, 0, 0, 0, 0, 14, 28, 2, 0, 0, 0, 0, 0, 2, 24, 16, 0, 0, 0, 0, 0, 0, 0, 2;
  0, 0, 0, 7, 42, 99, 55, 3, 64, 2, 1, 6, 9, 22, 45, 81, 73, 2, 19, 86, 16, 0, 0, 54, 1, 0, 51, 98, 5, 0, 1, 2, 3, 1, 1, 33, 117, 37, 5, 1, 117, 25, 9, 32, 49, 9, 3, 21, 43, 6, 9, 117, 117, 12, 10, 15, 0, 0, 13, 66, 40, 9, 40, 115, 2, 0, 0, 3, 117, 64, 0, 0, 51, 57, 70, 16, 85, 43, 4, 13, 33, 28, 59, 33, 43, 11, 17, 108, 3, 0, 0, 0, 7, 6, 38, 117, 0, 0, 0, 0, 46, 57, 2, 0, 6, 4, 8, 3, 47, 112, 84, 51, 22, 4, 4, 0, 0, 2, 31, 117, 2, 0, 0, 0, 0, 0, 1, 47]
20[108, 10, 0, 0, 0, 103, 32, 25, 153, 41, 0, 0, 0, 1, 2, 25, 82, 13, 0, 0, 0, 0, 0, 6, 1, 0, 0, 0, 0, 0, 0, 0, 35, 3, 0, 3, 42, 153, 52, 26, 153, 36, 0, 1, 4, 15, 19, 78, 118, 14, 0, 0, 0, 0, 0, 13, 1, 0, 0, 0, 0, 0, 0, 0, 9, 7, 2, 31, 153, 83, 13, 7, 153, 71, 3, 10, 21, 14, 17, 65, 117, 24, 0, 0, 0, 0, 0, 17, 2, 0, 0, 0, 0, 0, 0, 0, 1, 0, 0, 1, 40, 112, 61, 9, 46, 1, 0, 0, 3, 21, 90, 139, 32, 1, 0, 0, 0, 0, 1, 45, 1, 0, 0, 0, 0, 0, 0, 0;
  146, 146, 2, 2, 3, 0, 0, 0, 89, 146, 2, 0, 0, 0, 0, 0, 6, 16, 0, 0, 0, 0, 0, 0, 0, 0, 0, 0, 0, 0, 0, 0, 64, 146, 2, 2, 1, 0, 20, 12, 146, 146, 3, 0, 0, 0, 1, 20, 84, 27, 0, 0, 0, 0, 0, 2, 0, 0, 0, 0, 0, 0, 0, 0, 21, 7, 0, 0, 0, 0, 146, 73, 146, 12, 0, 0, 0, 0, 79, 146, 79, 1, 0, 0, 0, 0, 0, 29, 0, 0, 0, 0, 0, 0, 0, 0, 0, 0, 0, 0, 0, 0, 146, 14, 5, 0, 0, 0, 0, 0, 69, 67, 4, 0, 0, 0, 0, 0, 1, 13, 0, 0, 0, 0, 0, 0, 0, 0;
  4, 144, 48, 30, 51, 0, 0, 0, 42, 144, 5, 0, 0, 0, 0, 0, 18, 25, 0, 0, 0, 0, 0, 0, 0, 0, 0, 0, 0, 0, 0, 0, 45, 40, 7, 16, 142, 7, 0, 2, 144, 122, 1, 0, 1, 0, 0, 11, 130, 22, 0, 0, 0, 0, 0, 6, 1, 0, 0, 0, 0, 0, 0, 0, 48, 2, 0, 9, 143, 12, 3, 37, 144, 10, 0, 0, 1, 0, 1, 118, 130, 6, 0, 0, 0, 0, 0, 25, 2, 0, 0, 0, 0, 0, 0, 0, 84, 5, 2, 28, 45, 6, 3, 64, 144, 1, 0, 0, 0, 0, 0, 144, 25, 0, 0, 0, 0, 0, 0, 35, 0, 0, 0, 0, 0, 0, 0, 0;
  24, 14, 0, 6, 2, 30, 34, 5, 136, 111, 0, 0, 0, 3, 2, 21, 120, 48, 0, 0, 0, 0, 0, 6, 2, 1, 0, 0, 0, 0, 0, 0, 12, 1, 0, 2, 62, 136, 66, 20, 136, 16, 0, 0, 9, 19, 8, 136, 134, 8, 0, 0, 0, 0, 0, 62, 3, 0, 0, 0, 0, 0, 0, 1, 16, 4, 1, 89, 136, 36, 4, 7, 136, 51, 1, 13, 23, 4, 1, 54, 121, 19, 0, 0, 0, 0, 0, 18, 1, 0, 0, 0, 0, 0, 0, 0, 25, 4, 0, 34, 136, 28, 1, 15, 136, 21, 0, 4, 7, 2, 0, 102, 60, 5, 0, 0, 0, 0, 0, 29, 1, 0, 0, 0, 0, 0, 0, 0;
  9, 157, 11, 1, 2, 5, 0, 0, 51, 157, 2, 0, 0, 0, 0, 0, 19, 34, 0, 0, 0, 0, 0, 0, 0, 0, 0, 0, 0, 0, 0, 0, 63, 66, 1, 0, 1, 118, 20, 13, 157, 118, 0, 0, 0, 1, 3, 18, 119, 21, 0, 0, 0, 0, 0, 4, 2, 0, 0, 0, 0, 0, 0, 0, 24, 0, 0, 0, 13, 157, 43, 19, 157, 10, 0, 0, 3, 25, 21, 59, 138, 9, 0, 0, 0, 0, 0, 7, 2, 0, 0, 0, 0, 0, 0, 0, 2, 1, 0, 4, 112, 83, 7, 3, 157, 17, 0, 3, 26, 20, 11, 39, 98, 8, 0, 0, 0, 0, 0, 10, 2, 0, 0, 0, 0, 0, 0, 0;
  0, 0, 0, 5, 0, 0, 0, 0, 0, 2, 32, 29, 0, 0, 0, 0, 0, 28, 37, 4, 0, 0, 0, 0, 1, 7, 1, 0, 0, 0, 0, 0, 0, 0, 0, 26, 34, 0, 0, 0, 4, 16, 80, 149, 97, 2, 0, 1, 91, 149, 91, 25, 6, 1, 0, 5, 40, 34, 1, 0, 0, 0, 0, 1, 0, 0, 0, 13, 86, 1, 0, 0, 15, 14, 11, 82, 149, 10, 0, 4, 149, 123, 14, 17, 23, 3, 0, 26, 79, 42, 0, 0, 0, 0, 0, 6, 0, 0, 0, 11, 91, 1, 0, 0, 1, 14, 15, 91, 149, 1, 0, 0, 43, 149, 36, 35, 36, 0, 0, 0, 33, 149, 0, 0, 0, 0, 0, 0;
  0, 0, 0, 0, 4, 150, 17, 0, 86, 1, 0, 0, 11, 150, 62, 41, 150, 15, 0, 0, 0, 4, 8, 41, 56, 5, 0, 0, 0, 0, 0, 2, 0, 0, 0, 1, 71, 86, 1, 0, 33, 6, 0, 9, 150, 150, 20, 18, 150, 32, 0, 2, 11, 9, 9, 52, 72, 7, 0, 0, 0, 0, 0, 5, 0, 0, 0, 0, 41, 34, 1, 0, 6, 1, 0, 2, 90, 150, 90, 25, 95, 5, 0, 1, 4, 16, 77, 150, 33, 1, 0, 0, 0, 0, 0, 25, 0, 0, 0, 0, 1, 7, 1, 0, 0, 0, 0, 0, 0, 28, 36, 3, 0, 0, 0, 0, 0, 2, 32, 29, 1, 0, 0, 0, 0, 0, 0, 5;
  143, 143, 4, 5, 9, 0, 0, 0, 113, 143, 0, 0, 0, 0, 0, 0, 8, 14, 0, 0, 0, 0, 0, 0, 0, 0, 0, 0, 0, 0, 0, 0, 94, 143, 1, 6, 3, 1, 29, 20, 143, 143, 0, 0, 0, 0, 2, 27, 78, 27, 0, 0, 0, 0, 0, 2, 1, 0, 0, 0, 0, 0, 0, 0, 22, 6, 0, 0, 0, 2, 143, 86, 143, 12, 0, 0, 0, 0, 80, 143, 69, 1, 0, 0, 0, 0, 0, 29, 1, 0, 0, 0, 0, 0, 0, 0, 0, 0, 0, 0, 0, 1, 143, 13, 3, 0, 0, 0, 0, 0, 58, 55, 3, 0, 0, 0, 0, 0, 1, 11, 0, 0, 0, 0, 0, 0, 0, 0;
  12, 6, 9, 58, 138, 39, 1, 4, 142, 40, 1, 7, 14, 6, 1, 31, 120, 16, 0, 0, 0, 0, 0, 12, 2, 0, 0, 0, 0, 0, 0, 0, 33, 8, 52, 130, 28, 1, 0, 4, 142, 34, 3, 11, 3, 0, 0, 52, 142, 12, 0, 0, 0, 0, 0, 25, 2, 0, 0, 0, 0, 0, 0, 0, 37, 5, 9, 11, 2, 75, 64, 11, 142, 49, 0, 0, 0, 3, 15, 65, 142, 20, 0, 0, 0, 0, 0, 19, 2, 0, 0, 0, 0, 0, 0, 0, 2, 0, 0, 0, 0, 121, 142, 14, 67, 1, 0, 0, 0, 12, 93, 142, 46, 0, 0, 0, 0, 0, 0, 50, 1, 0, 0, 0, 0, 0, 0, 0;
  21, 36, 12, 5, 101, 53, 0, 0, 144, 144, 3, 0, 3, 2, 0, 3, 85, 38, 0, 0, 0, 0, 0, 2, 2, 0, 0, 0, 0, 0, 0, 0, 20, 3, 0, 7, 144, 98, 2, 9, 144, 31, 0, 1, 11, 10, 2, 65, 144, 12, 0, 0, 0, 0, 0, 26, 3, 0, 0, 0, 0, 0, 0, 1, 21, 10, 24, 129, 111, 13, 0, 3, 144, 61, 2, 11, 10, 2, 0, 30, 144, 21, 0, 0, 0, 0, 0, 13, 3, 0, 0, 0, 0, 0, 0, 0, 40, 5, 28, 54, 4, 7, 4, 4, 144, 25, 1, 2, 0, 0, 0, 39, 111, 10, 0, 0, 0, 0, 0, 16, 2, 0, 0, 0, 0, 0, 0, 0;
  3, 122, 79, 47, 40, 0, 0, 0, 29, 145, 11, 0, 0, 0, 0, 0, 8, 9, 0, 0, 0, 0, 0, 0, 0, 0, 0, 0, 0, 0, 0, 0, 46, 58, 15, 25, 145, 3, 0, 0, 145, 145, 3, 1, 1, 0, 0, 1, 104, 16, 0, 0, 0, 0, 0, 1, 1, 0, 0, 0, 0, 0, 0, 0, 57, 1, 0, 8, 145, 11, 4, 40, 145, 4, 0, 0, 1, 1, 1, 129, 112, 1, 0, 0, 0, 0, 0, 24, 1, 0, 0, 0, 0, 0, 0, 0, 99, 6, 5, 47, 43, 4, 1, 51, 145, 0, 0, 0, 0, 0, 0, 139, 25, 0, 0, 0, 0, 0, 0, 24, 0, 0, 0, 0, 0, 0, 0, 0;
  55, 80, 3, 11, 5, 4, 14, 3, 142, 142, 0, 0, 0, 0, 1, 3, 57, 41, 0, 0, 0, 0, 0, 0, 1, 0, 0, 0, 0, 0, 0, 0, 32, 6, 0, 0, 11, 109, 107, 27, 142, 40, 0, 0, 2, 10, 10, 75, 138, 15, 0, 0, 0, 0, 0, 18, 2, 0, 0, 0, 0, 0, 0, 0, 14, 3, 0, 24, 142, 85, 25, 11, 142, 60, 1, 7, 29, 9, 3, 26, 142, 28, 0, 0, 0, 0, 0, 8, 3, 1, 0, 0, 0, 0, 0, 0, 9, 2, 0, 17, 142, 35, 1, 4, 142, 37, 1, 5, 28, 7, 1, 36, 114, 22, 0, 0, 0, 0, 0, 14, 2, 1, 0, 0, 0, 0, 0, 0;
  6, 0, 0, 45, 51, 14, 20, 90, 55, 0, 1, 63, 82, 38, 10, 53, 125, 0, 0, 0, 1, 2, 2, 127, 12, 0, 0, 0, 0, 0, 0, 11, 4, 2, 1, 118, 127, 1, 1, 15, 127, 7, 2, 55, 56, 2, 1, 125, 103, 0, 0, 0, 0, 0, 0, 95, 3, 0, 0, 0, 0, 0, 0, 2, 16, 8, 5, 110, 127, 6, 0, 1, 127, 44, 6, 24, 17, 1, 0, 17, 102, 8, 0, 0, 0, 0, 0, 11, 0, 0, 0, 0, 0, 0, 0, 0, 9, 1, 0, 5, 127, 35, 8, 21, 127, 7, 0, 0, 13, 8, 7, 118, 70, 2, 0, 0, 0, 0, 0, 17, 0, 0, 0, 0, 0, 0, 0, 0;
  0, 0, 3, 53, 1, 0, 0, 0, 10, 20, 66, 89, 0, 0, 0, 2, 41, 49, 24, 2, 0, 0, 0, 5, 5, 2, 0, 0, 0, 0, 0, 0, 1, 4, 21, 144, 37, 0, 0, 0, 144, 48, 62, 124, 2, 0, 0, 28, 129, 13, 3, 1, 0, 0, 0, 61, 6, 0, 0, 0, 0, 0, 0, 3, 15, 8, 9, 117, 144, 6, 1, 3, 144, 45, 13, 32, 23, 2, 1, 28, 144, 4, 1, 0, 0, 0, 0, 15, 1, 1, 2, 0, 0, 0, 0, 1, 15, 0, 0, 33, 144, 19, 6, 30, 144, 1, 0, 3, 14, 7, 6, 144, 72, 5, 33, 30, 0, 0, 0, 24, 1, 24, 39, 6, 0, 0, 0, 0;
  15, 66, 3, 4, 62, 23, 0, 0, 25, 35, 14, 10, 130, 65, 1, 2, 130, 88, 4, 0, 5, 4, 0, 8, 29, 7, 0, 0, 0, 0, 0, 1, 28, 129, 23, 11, 28, 26, 1, 0, 36, 22, 27, 70, 130, 45, 1, 5, 130, 24, 1, 6, 12, 5, 1, 22, 52, 3, 0, 0, 0, 0, 0, 3, 4, 22, 34, 20, 54, 130, 4, 0, 58, 14, 54, 88, 21, 34, 15, 6, 130, 20, 2, 5, 1, 0, 2, 24, 50, 2, 0, 0, 0, 0, 0, 4, 0, 0, 0, 0, 17, 130, 30, 0, 17, 1, 0, 1, 3, 127, 130, 25, 123, 5, 0, 0, 0, 5, 42, 98, 24, 1, 0, 0, 0, 0, 0, 10;
  0, 0, 2, 57, 121, 0, 0, 0, 4, 62, 37, 43, 69, 2, 12, 8, 60, 121, 14, 0, 0, 0, 8, 7, 32, 46, 0, 0, 0, 0, 0, 0, 4, 1, 0, 59, 121, 3, 1, 5, 44, 4, 0, 14, 53, 18, 69, 102, 72, 59, 0, 0, 24, 58, 64, 28, 83, 106, 0, 0, 2, 2, 0, 0, 20, 5, 1, 47, 121, 15, 0, 2, 121, 26, 1, 7, 22, 15, 8, 29, 43, 13, 1, 1, 86, 121, 8, 8, 42, 121, 17, 3, 27, 24, 0, 0, 7, 1, 0, 0, 73, 91, 15, 4, 121, 10, 0, 0, 6, 29, 28, 39, 48, 3, 0, 0, 51, 78, 2, 8, 4, 34, 10, 3, 42, 112, 10, 1;
  0, 0, 0, 2, 70, 45, 0, 0, 28, 14, 1, 6, 130, 123, 4, 8, 133, 53, 0, 1, 4, 10, 3, 25, 34, 10, 12, 49, 15, 0, 0, 2, 0, 0, 0, 2, 49, 17, 0, 0, 22, 2, 0, 17, 133, 73, 2, 6, 133, 19, 1, 10, 27, 10, 2, 24, 34, 6, 5, 116, 100, 0, 0, 2, 0, 0, 0, 3, 54, 3, 0, 0, 15, 7, 3, 29, 133, 15, 0, 2, 132, 77, 50, 35, 35, 2, 0, 10, 14, 10, 30, 133, 92, 1, 2, 13, 0, 0, 0, 2, 38, 6, 0, 0, 0, 3, 5, 29, 133, 50, 0, 0, 6, 46, 84, 25, 48, 20, 1, 11, 31, 7, 44, 31, 4, 0, 1, 98;
  3, 0, 1, 95, 34, 8, 44, 30, 53, 24, 1, 10, 6, 42, 82, 25, 132, 53, 0, 0, 0, 3, 4, 25, 34, 6, 0, 0, 0, 0, 0, 2, 93, 1, 2, 14, 14, 10, 32, 130, 37, 3, 0, 8, 128, 79, 52, 34, 132, 19, 0, 2, 15, 6, 3, 24, 52, 4, 0, 0, 0, 0, 0, 2, 110, 0, 0, 1, 31, 7, 5, 112, 27, 9, 2, 20, 132, 24, 1, 10, 132, 80, 2, 6, 24, 2, 0, 13, 49, 21, 0, 0, 0, 0, 0, 2, 19, 0, 0, 1, 30, 9, 13, 53, 3, 9, 2, 22, 132, 56, 0, 1, 119, 125, 4, 9, 32, 17, 1, 5, 74, 51, 0, 0, 0, 0, 0, 2;
  0, 0, 0, 6, 19, 0, 0, 0, 2, 0, 3, 83, 136, 4, 3, 6, 40, 68, 21, 31, 77, 17, 61, 64, 100, 136, 2, 0, 2, 10, 14, 9, 0, 0, 0, 8, 47, 2, 0, 0, 36, 6, 1, 65, 136, 34, 3, 8, 136, 19, 1, 10, 57, 65, 41, 69, 48, 106, 11, 3, 62, 98, 11, 5, 0, 0, 0, 1, 18, 3, 0, 0, 15, 1, 0, 2, 123, 121, 38, 14, 136, 6, 0, 0, 18, 62, 63, 107, 19, 15, 5, 2, 57, 136, 20, 13, 0, 0, 0, 0, 0, 0, 0, 0, 0, 0, 0, 0, 0, 5, 9, 3, 3, 0, 0, 0, 0, 4, 23, 38, 1, 0, 0, 0, 4, 56, 8, 7;
  4, 95, 80, 21, 29, 47, 10, 0, 11, 64, 50, 119, 67, 2, 1, 0, 141, 73, 13, 26, 18, 0, 0, 0, 41, 4, 0, 0, 0, 0, 0, 1, 4, 16, 5, 2, 28, 141, 37, 1, 26, 30, 33, 96, 95, 132, 16, 7, 141, 55, 9, 27, 15, 7, 10, 37, 108, 4, 0, 0, 0, 0, 0, 4, 0, 0, 0, 0, 18, 65, 1, 0, 7, 1, 1, 6, 46, 141, 96, 26, 141, 3, 1, 2, 2, 24, 102, 141, 49, 0, 0, 0, 0, 0, 0, 28, 0, 0, 0, 0, 0, 0, 0, 0, 0, 0, 0, 0, 0, 2, 7, 3, 1, 0, 0, 0, 0, 0, 12, 28, 1, 0, 0, 0, 0, 0, 0, 6]
11[0, 3, 61, 103, 0, 0, 0, 0, 18, 94, 100, 22, 0, 0, 0, 0, 21, 44, 3, 0, 0, 0, 0, 0, 1, 1, 0, 0, 0, 0, 0, 0, 17, 19, 79, 152, 0, 0, 0, 0, 152, 105, 58, 25, 0, 0, 0, 7, 142, 25, 0, 0, 0, 0, 0, 9, 3, 0, 0, 0, 0, 0, 0, 0, 53, 12, 23, 117, 0, 0, 0, 60, 152, 17, 3, 2, 0, 0, 0, 117, 143, 5, 2, 0, 0, 0, 0, 23, 3, 2, 3, 0, 0, 0, 0, 0, 7, 0, 0, 6, 0, 0, 9, 152, 52, 0, 0, 3, 2, 0, 4, 152, 24, 3, 37, 41, 4, 0, 0, 32, 0, 38, 53, 8, 0, 0, 0, 0;
  0, 1, 127, 41, 5, 1, 0, 0, 3, 6, 127, 21, 1, 1, 1, 2, 1, 13, 127, 28, 4, 3, 1, 1, 33, 86, 69, 2, 0, 0, 0, 0, 9, 3, 39, 25, 84, 57, 0, 1, 90, 12, 47, 6, 12, 14, 11, 37, 19, 10, 30, 12, 80, 57, 11, 11, 127, 56, 10, 1, 9, 3, 0, 0, 13, 1, 0, 0, 127, 42, 0, 0, 127, 15, 0, 0, 33, 7, 1, 7, 39, 3, 0, 0, 127, 32, 1, 3, 127, 22, 0, 0, 25, 4, 0, 0, 7, 1, 5, 37, 127, 6, 0, 1, 127, 12, 0, 2, 26, 2, 0, 7, 37, 3, 0, 0, 125, 32, 3, 3, 127, 10, 0, 0, 23, 9, 5, 12;
  8, 1, 1, 26, 129, 0, 0, 1, 129, 9, 2, 7, 26, 0, 0, 11, 31, 2, 1, 31, 129, 0, 0, 3, 74, 0, 0, 9, 22, 0, 7, 54, 17, 0, 0, 22, 129, 0, 0, 1, 129, 7, 1, 7, 34, 0, 0, 14, 37, 2, 1, 31, 129, 0, 0, 3, 129, 2, 0, 3, 20, 0, 0, 22, 11, 1, 0, 7, 129, 52, 21, 3, 88, 37, 13, 15, 15, 11, 42, 10, 18, 9, 11, 55, 82, 15, 32, 3, 129, 38, 0, 2, 8, 2, 16, 14, 0, 0, 0, 0, 16, 77, 85, 1, 3, 2, 1, 1, 1, 27, 129, 5, 1, 0, 1, 3, 5, 34, 129, 2, 20, 7, 0, 0, 0, 6, 129, 34;
  76, 9, 30, 11, 76, 30, 3, 13, 87, 24, 23, 8, 98, 44, 5, 11, 140, 68, 4, 1, 10, 2, 0, 0, 40, 6, 0, 0, 0, 0, 0, 0, 130, 9, 3, 29, 133, 11, 1, 13, 129, 9, 0, 0, 140, 65, 15, 20, 140, 31, 0, 0, 22, 13, 10, 38, 70, 6, 0, 0, 0, 0, 0, 2, 118, 4, 16, 35, 17, 1, 4, 96, 55, 0, 0, 0, 22, 97, 108, 93, 116, 1, 0, 0, 3, 22, 68, 139, 33, 0, 0, 0, 0, 0, 0, 12, 19, 1, 1, 0, 0, 0, 0, 8, 5, 0, 0, 0, 0, 3, 6, 7, 1, 0, 0, 0, 0, 1, 3, 4, 0, 0, 0, 0, 0, 0, 0, 0;
  0, 6, 82, 10, 0, 0, 0, 0, 0, 17, 87, 0, 0, 0, 0, 0, 0, 21, 28, 0, 0, 0, 0, 0, 0, 3, 0, 0, 0, 0, 0, 0, 6, 27, 148, 71, 70, 5, 0, 3, 15, 100, 148, 8, 8, 3, 1, 5, 107, 148, 96, 1, 1, 0, 0, 1, 29, 17, 0, 0, 0, 0, 0, 0, 46, 5, 9, 40, 148, 8, 1, 21, 93, 20, 23, 9, 94, 14, 5, 30, 148, 44, 8, 2, 13, 1, 0, 39, 64, 3, 0, 0, 0, 0, 0, 6, 58, 2, 17, 51, 34, 4, 6, 63, 66, 0, 0, 2, 65, 53, 37, 64, 148, 0, 0, 0, 6, 4, 10, 102, 32, 0, 0, 0, 0, 0, 0, 7;
  22, 67, 120, 8, 0, 11, 45, 4, 33, 32, 150, 52, 1, 6, 37, 7, 150, 92, 26, 4, 0, 0, 2, 5, 35, 7, 0, 0, 0, 0, 0, 0, 0, 1, 48, 45, 26, 39, 85, 3, 44, 11, 65, 35, 4, 14, 82, 25, 150, 38, 5, 3, 1, 1, 8, 44, 65, 5, 0, 0, 0, 0, 0, 3, 0, 0, 17, 21, 22, 59, 150, 13, 10, 2, 20, 7, 0, 1, 150, 98, 108, 3, 1, 0, 0, 0, 92, 150, 28, 0, 0, 0, 0, 0, 0, 17, 0, 0, 0, 0, 0, 7, 83, 4, 0, 0, 0, 0, 0, 0, 89, 15, 0, 0, 0, 0, 0, 0, 28, 21, 0, 0, 0, 0, 0, 0, 0, 3;
  69, 12, 41, 10, 0, 0, 52, 77, 7, 10, 52, 5, 0, 5, 133, 39, 37, 28, 20, 2, 0, 1, 72, 123, 20, 4, 0, 0, 0, 0, 0, 28, 98, 99, 62, 0, 0, 15, 30, 23, 16, 51, 133, 34, 1, 5, 44, 10, 128, 101, 71, 12, 0, 1, 12, 15, 29, 7, 0, 0, 0, 0, 0, 3, 1, 12, 40, 27, 22, 63, 70, 1, 35, 14, 91, 14, 3, 25, 70, 13, 133, 22, 11, 2, 1, 3, 7, 34, 46, 1, 0, 0, 0, 0, 0, 2, 0, 0, 20, 20, 23, 58, 124, 0, 17, 3, 33, 6, 1, 9, 133, 38, 130, 3, 2, 1, 0, 0, 39, 105, 19, 0, 0, 0, 0, 0, 0, 6;
  20, 14, 15, 69, 131, 0, 0, 1, 44, 31, 25, 66, 57, 0, 1, 9, 51, 0, 0, 29, 33, 19, 88, 96, 30, 5, 0, 0, 42, 78, 83, 16, 29, 3, 1, 19, 131, 47, 23, 4, 85, 8, 4, 32, 61, 18, 41, 16, 131, 18, 0, 9, 40, 9, 19, 67, 47, 4, 0, 19, 131, 34, 9, 14, 1, 0, 0, 0, 30, 107, 121, 2, 11, 1, 1, 3, 6, 58, 131, 19, 77, 8, 0, 2, 16, 20, 127, 94, 24, 2, 0, 5, 103, 111, 30, 29, 0, 0, 0, 0, 0, 5, 13, 0, 0, 0, 0, 0, 0, 5, 38, 0, 0, 0, 0, 0, 0, 6, 30, 7, 0, 0, 0, 0, 2, 43, 26, 7;
  47, 0, 0, 10, 27, 20, 94, 81, 71, 30, 0, 0, 58, 99, 90, 17, 143, 77, 0, 0, 7, 5, 0, 0, 21, 4, 0, 0, 0, 0, 0, 0, 143, 47, 1, 3, 37, 11, 14, 40, 82, 14, 1, 2, 143, 93, 13, 12, 143, 23, 0, 0, 30, 14, 4, 13, 42, 3, 0, 0, 0, 0, 0, 0, 70, 18, 0, 1, 7, 7, 118, 99, 29, 6, 0, 1, 73, 143, 60, 40, 143, 2, 0, 0, 8, 45, 62, 102, 29, 0, 0, 0, 0, 0, 0, 7, 0, 0, 0, 0, 0, 0, 34, 12, 0, 0, 0, 0, 0, 23, 23, 5, 3, 0, 0, 0, 0, 8, 28, 23, 1, 0, 0, 0, 0, 0, 0, 3;
  0, 2, 16, 70, 62, 0, 0, 0, 38, 110, 68, 54, 23, 0, 0, 1, 11, 37, 115, 53, 13, 0, 0, 0, 0, 46, 124, 6, 0, 0, 0, 0, 5, 2, 2, 67, 124, 0, 0, 0, 124, 64, 21, 51, 101, 2, 0, 13, 45, 22, 58, 116, 124, 3, 0, 8, 37, 64, 111, 17, 22, 2, 2, 10, 2, 2, 1, 16, 124, 5, 0, 0, 52, 104, 110, 34, 87, 2, 0, 1, 35, 32, 103, 100, 52, 1, 6, 38, 55, 1, 1, 4, 15, 25, 40, 75, 0, 0, 0, 0, 7, 0, 0, 0, 0, 3, 12, 2, 4, 0, 0, 0, 12, 4, 11, 1, 0, 0, 2, 14, 8, 0, 0, 0, 0, 7, 22, 29;
  0, 0, 6, 8, 6, 0, 0, 0, 0, 0, 0, 3, 7, 3, 13, 1, 17, 4, 0, 0, 0, 1, 12, 3, 22, 8, 0, 0, 0, 0, 0, 0, 7, 17, 49, 67, 57, 1, 1, 2, 57, 1, 2, 22, 39, 27, 117, 96, 111, 23, 0, 0, 45, 95, 111, 28, 130, 47, 0, 0, 2, 2, 0, 1, 20, 12, 5, 12, 67, 32, 61, 8, 130, 22, 1, 4, 30, 16, 47, 81, 102, 8, 0, 0, 130, 111, 28, 29, 130, 7, 0, 0, 6, 7, 8, 27, 1, 0, 0, 0, 6, 39, 130, 8, 26, 1, 0, 0, 2, 8, 130, 87, 14, 1, 0, 0, 17, 100, 75, 39, 54, 0, 0, 0, 0, 10, 34, 62]
